4 3
0.914439 -0.512926 0.0157216 -0.422494 0.833263 -0.0428977 -0.120981 -0.0967314 1.10501 0.288708 0.366457 -0.155945
4 3
0.914206 -0.51267 0.0156993 -0.421936 0.832596 -0.0427005 -0.120988 -0.0966776 1.10489 0.288589 0.366609 -0.156014
4 3
0.914323 -0.512798 0.0157074 -0.422231 0.833005 -0.0429528 -0.120958 -0.0967016 1.10487 0.288602 0.366589 -0.155998
4 3
0.914377 -0.512885 0.0157873 -0.422302 0.833081 -0.0429515 -0.120982 -0.0966588 1.10483 0.288682 0.366462 -0.155889
4 3
1.38969 -1.34957 -0.353932 -1.16173 1.2573 -0.178043 -0.253252 -0.346492 1.21229 0.315348 0.387163 -0.410972
4 3
1.33707 -1.32115 -0.0906363 -1.21851 1.29253 -0.194822 -0.311749 -0.207419 1.19215 0.366945 0.428992 -0.869469
4 3
1.32953 -1.30666 -0.0887087 -1.25398 1.35099 -0.426846 -0.266447 -0.426077 1.23206 0.31185 0.384299 -0.379759
4 3
1.33744 -1.26962 -0.257074 -1.25694 1.32286 -0.245228 -0.712632 -0.172029 1.24297 0.380106 0.439424 -0.985295
4 3
1.30993 -1.27181 -0.0791458 -1.17584 1.26882 -0.194376 -0.276017 -0.241398 1.19374 0.319343 0.390212 -0.445581
