0.91 0.82 0.05 4
0.91 0.09 0.26 1
0.89 0.90 0.18 4
0.82 0.04 0.08 1
0.19 0.91 0.00 2
0.20 0.17 0.90 3
0.10 0.97 0.00 2
0.22 0.97 0.03 2
0.20 0.20 0.89 3
0.03 0.97 0.21 2
0.92 0.28 0.26 1
0.00 0.10 0.86 3
0.12 0.17 0.91 3
0.94 0.15 0.06 1
0.81 0.25 0.09 1
0.00 0.04 0.88 3
0.83 0.95 0.08 4
0.84 0.93 0.06 4
0.19 0.17 0.88 3
0.03 0.21 0.93 3
0.42 0.89 0.24 2
0.15 0.25 0.90 3
0.86 0.99 0.19 4
0.29 0.86 0.10 2
0.89 0.84 0.28 4
0.82 0.08 0.13 1
0.87 0.16 0.17 1
0.25 0.37 0.85 3
0.90 0.10 0.01 1
0.08 0.03 0.87 3
0.99 0.92 0.00 4
0.88 0.89 0.28 4
0.91 0.00 0.08 1
0.01 0.24 0.95 3
0.86 0.00 0.18 1
0.89 0.12 0.21 1
0.90 0.88 0.36 4
0.22 0.25 0.90 3
0.30 0.95 0.16 2
0.19 0.00 0.85 3
0.09 0.02 0.95 3
0.88 0.82 0.08 4
0.91 0.15 0.04 1
0.95 0.85 0.07 4
0.34 0.88 0.22 2
0.88 0.89 0.28 4
0.87 0.18 0.22 1
0.83 0.92 0.11 4
0.86 0.34 0.00 1
0.00 0.25 0.92 3
0.81 0.24 0.20 1
0.27 0.89 0.07 2
0.98 0.16 0.27 1
0.90 0.28 0.05 1
0.23 0.28 0.90 3
0.17 0.08 0.93 3
0.88 0.90 0.18 4
0.95 0.93 0.00 4
0.12 0.10 0.82 3
0.03 0.86 0.19 2
0.93 0.26 0.29 1
0.99 0.91 0.01 4
0.16 0.14 0.89 3
0.93 0.24 0.24 1
0.92 0.91 0.00 4
0.91 0.22 0.26 1
0.11 0.79 0.12 2
0.91 0.14 0.02 1
0.37 0.98 0.25 2
0.14 0.86 0.16 2
0.91 0.18 0.30 1
0.93 0.20 0.08 1
0.99 0.87 0.09 4
0.13 0.90 0.20 2
0.90 0.29 0.03 1
0.77 0.00 0.25 1
0.15 0.17 0.89 3
0.85 0.18 0.10 1
0.14 0.85 0.17 2
0.21 0.21 0.90 3
0.11 0.90 0.00 2
0.89 0.84 0.18 4
0.01 0.30 0.85 3
0.21 0.94 0.13 2
0.14 0.94 0.08 2
0.86 0.89 0.21 4
0.06 0.20 0.95 3
0.86 0.78 0.26 4
0.19 1.00 0.21 2
0.21 0.09 0.89 3
0.86 0.93 0.22 4
0.08 0.83 0.21 2
0.26 0.87 0.12 2
0.84 0.13 0.17 1
0.90 0.28 0.16 1
0.82 0.97 0.12 4
0.11 0.95 0.13 2
0.94 0.94 0.16 4
0.17 0.86 0.11 2
0.91 0.89 0.01 4
0.94 0.90 0.18 4
0.00 0.83 0.21 2
0.18 0.87 0.27 2
0.90 0.26 0.09 1
0.14 0.90 0.04 2
0.86 0.20 0.00 1
0.09 0.12 0.87 3
0.97 0.02 0.13 1
0.91 0.19 0.14 1





test data:
0.84 0.93 0.28 4
0.14 0.88 0.12 2
0.16 0.03 0.88 3
0.08 0.89 0.30 2
0.85 0.39 0.09 1
0.26 0.19 0.88 3
0.91 0.18 0.05 1
0.14 0.07 0.94 3
0.93 0.88 0.06 4
0.19 0.14 0.92 3
0.13 0.05 0.90 3
0.17 0.15 0.80 3
0.87 0.84 0.09 4
0.01 0.05 0.86 3
0.81 0.13 0.27 1
0.87 0.92 0.28 4
0.04 0.31 0.83 3
0.42 0.21 0.88 3
0.86 0.20 0.46 1
0.84 0.88 0.37 4
0.00 0.95 0.32 2
0.12 0.00 0.93 3
0.85 0.86 0.25 4
0.87 0.14 0.05 1
0.83 0.21 0.26 1
0.87 0.85 0.19 4
0.08 0.00 0.86 3
0.11 0.06 0.89 3
1.01 0.97 0.15 4
0.89 0.20 0.02 1
0.90 0.97 0.24 4
0.18 0.07 0.82 3
0.87 0.25 0.03 1
0.22 0.95 0.20 2
0.90 0.90 0.08 4
0.94 0.20 0.23 1
0.88 0.99 0.07 4
0.09 0.19 0.95 3
0.97 0.04 0.04 1
0.84 0.91 0.26 4
0.83 0.87 0.12 4
0.97 0.95 0.04 4
0.09 0.03 0.92 3
0.12 0.85 0.18 2
0.97 0.08 0.16 1
0.91 0.91 0.14 4
0.84 0.95 0.05 4
0.90 0.22 0.27 1
0.00 0.99 0.25 2
0.21 0.96 0.19 2
0.95 0.89 0.16 4
0.19 0.92 0.17 2
0.19 0.88 0.04 2
0.10 0.93 0.00 2
0.27 0.11 0.94 3
0.85 0.14 0.24 1
0.92 0.09 0.24 1
0.90 0.09 0.35 1
0.11 0.96 0.13 2
0.27 0.76 0.12 2
0.15 0.81 0.26 2
0.89 0.94 0.18 4
0.96 0.88 0.11 4
0.25 0.90 0.03 2
0.95 0.82 0.27 4
0.88 0.96 0.12 4
0.88 0.22 0.17 1
1.02 0.08 0.24 1
0.09 0.92 0.07 2
0.95 0.19 0.37 1
0.94 0.28 0.15 1
1.03 0.96 0.23 4
0.01 0.90 0.14 2
0.00 0.00 0.91 3
0.88 0.94 0.27 4
0.90 0.86 0.17 4
0.28 0.18 0.86 3
0.00 0.27 0.89 3
0.91 0.90 0.04 4
0.18 0.11 0.95 3
0.24 0.88 0.18 2
0.96 0.90 0.00 4
0.03 0.00 0.90 3
0.92 0.15 0.33 1
0.90 0.92 0.29 4
0.94 0.04 0.16 1
0.18 0.88 0.16 2
0.88 0.90 0.11 4
0.12 0.17 0.86 3
0.17 0.19 1.04 3
0.87 0.19 0.40 1
0.16 0.90 0.26 2
0.31 0.20 0.95 3
0.90 0.22 0.19 1
0.18 1.01 0.18 2
0.00 0.93 0.15 2
0.26 0.88 0.26 2
0.95 0.88 0.19 4
0.29 0.91 0.17 2
0.32 0.23 0.91 3
0.92 0.17 0.07 1
0.11 0.00 0.91 3
0.26 0.83 0.11 2
0.87 0.02 0.19 1
0.31 0.24 0.90 3
0.03 0.92 0.26 2
0.96 0.04 0.25 1
0.87 0.01 0.00 1
0.20 0.02 0.93 3
0.10 0.16 0.95 3
0.91 0.89 0.11 4
0.12 0.27 0.92 3
0.15 0.88 0.20 2
0.88 0.32 0.15 1
0.07 0.81 0.00 2
0.10 0.17 0.92 3
0.88 0.93 0.19 4
0.07 0.24 0.88 3
0.24 0.10 0.82 3
0.90 0.14 0.35 1
0.97 0.89 0.26 4
0.29 0.93 0.14 2
0.89 0.05 0.00 1
0.84 0.30 0.14 1
0.02 0.12 0.92 3
0.96 0.23 0.23 1
0.23 0.36 0.87 3
0.98 0.49 0.18 1
0.94 0.00 0.08 1
0.90 0.78 0.37 4
